--- Demand Distribution ---
Demand    Prob      Cum Prob  Range          
2         0.25      0.25      1-25
3         0.25      0.50      26-50
4         0.25      0.75      51-75
5         0.25      1.00      76-100

--- Lead Time Distribution ---
Lead Time Prob      Cum Prob  Range          
2         0.25      0.25      1-25
3         0.25      0.50      26-50
4         0.25      0.75      51-75
5         0.25      1.00      76-100

--- Simulation Log ---
day          | begin_inv    | rd_demand    | demand       | end_inv      | backorder    | order_qty    | rd_lead      | lead_time    | days_until_arrival
1            | 10           | 40           | 3            | 7            | 0            | 0            | 0            | 0            | 0           
2            | 7            | 7            | 2            | 5            | 0            | 0            | 0            | 0            | 0           
3            | 5            | 54           | 4            | 1            | 0            | 0            | 0            | 0            | 0           
4            | 1            | 43           | 3            | 0            | 2            | 0            | 0            | 0            | 0           
5            | 0            | 19           | 2            | 0            | 4            | 0            | 0            | 0            | 0           
6            | 0            | 15           | 2            | 0            | 6            | 0            | 0            | 0            | 0           
7            | 0            | 46           | 3            | 0            | 9            | 10           | 4            | 2            | 2           
8            | 0            | 24           | 2            | 0            | 11           | 0            | 0            | 0            | 1           
9            | 0            | 13           | 2            | 0            | 3            | 0            | 0            | 0            | 0           
10           | 0            | 69           | 4            | 0            | 7            | 0            | 0            | 0            | 0           
11           | 0            | 62           | 4            | 0            | 11           | 0            | 0            | 0            | 0           
12           | 0            | 46           | 3            | 0            | 14           | 0            | 0            | 0            | 0           
13           | 0            | 68           | 4            | 0            | 18           | 0            | 0            | 0            | 0           
14           | 0            | 53           | 4            | 0            | 22           | 10           | 91           | 5            | 5           
15           | 0            | 36           | 3            | 0            | 25           | 0            | 0            | 0            | 4           
16           | 0            | 39           | 3            | 0            | 28           | 0            | 0            | 0            | 3           
17           | 0            | 92           | 5            | 0            | 33           | 0            | 0            | 0            | 2           
18           | 0            | 82           | 5            | 0            | 38           | 0            | 0            | 0            | 1           
19           | 0            | 89           | 5            | 0            | 33           | 0            | 0            | 0            | 0           
20           | 0            | 42           | 3            | 0            | 36           | 0            | 0            | 0            | 0           
21           | 0            | 5            | 2            | 0            | 38           | 10           | 21           | 2            | 2           
22           | 0            | 7            | 2            | 0            | 40           | 0            | 0            | 0            | 1           
23           | 0            | 73           | 4            | 0            | 34           | 0            | 0            | 0            | 0           
24           | 0            | 58           | 4            | 0            | 38           | 0            | 0            | 0            | 0           
25           | 0            | 32           | 3            | 0            | 41           | 0            | 0            | 0            | 0           
26           | 0            | 92           | 5            | 0            | 46           | 0            | 0            | 0            | 0           
27           | 0            | 28           | 3            | 0            | 49           | 0            | 0            | 0            | 0           
28           | 0            | 87           | 5            | 0            | 54           | 10           | 40           | 3            | 3           
29           | 0            | 26           | 3            | 0            | 57           | 0            | 0            | 0            | 2           
30           | 0            | 25           | 2            | 0            | 59           | 0            | 0            | 0            | 1           
31           | 0            | 87           | 5            | 0            | 54           | 0            | 0            | 0            | 0           
32           | 0            | 50           | 3            | 0            | 57           | 0            | 0            | 0            | 0           
33           | 0            | 94           | 5            | 0            | 62           | 0            | 0            | 0            | 0           
34           | 0            | 48           | 3            | 0            | 65           | 0            | 0            | 0            | 0           
35           | 0            | 44           | 3            | 0            | 68           | 10           | 56           | 4            | 4           
36           | 0            | 63           | 4            | 0            | 72           | 0            | 0            | 0            | 3           
37           | 0            | 75           | 4            | 0            | 76           | 0            | 0            | 0            | 2           
38           | 0            | 83           | 5            | 0            | 81           | 0            | 0            | 0            | 1           
39           | 0            | 29           | 3            | 0            | 74           | 0            | 0            | 0            | 0           
40           | 0            | 90           | 5            | 0            | 79           | 0            | 0            | 0            | 0           
41           | 0            | 34           | 3            | 0            | 82           | 0            | 0            | 0            | 0           
42           | 0            | 54           | 4            | 0            | 86           | 10           | 24           | 2            | 2           
43           | 0            | 13           | 2            | 0            | 88           | 0            | 0            | 0            | 1           
44           | 0            | 67           | 4            | 0            | 82           | 0            | 0            | 0            | 0           
45           | 0            | 94           | 5            | 0            | 87           | 0            | 0            | 0            | 0           
46           | 0            | 80           | 5            | 0            | 92           | 0            | 0            | 0            | 0           
47           | 0            | 99           | 5            | 0            | 97           | 0            | 0            | 0            | 0           
48           | 0            | 91           | 5            | 0            | 102          | 0            | 0            | 0            | 0           
49           | 0            | 58           | 4            | 0            | 106          | 10           | 67           | 4            | 4           
50           | 0            | 72           | 4            | 0            | 110          | 0            | 0            | 0            | 3           
51           | 0            | 6            | 2            | 0            | 112          | 0            | 0            | 0            | 2           
52           | 0            | 15           | 2            | 0            | 114          | 0            | 0            | 0            | 1           
53           | 0            | 48           | 3            | 0            | 107          | 0            | 0            | 0            | 0           
54           | 0            | 68           | 4            | 0            | 111          | 0            | 0            | 0            | 0           
55           | 0            | 86           | 5            | 0            | 116          | 0            | 0            | 0            | 0           
56           | 0            | 82           | 5            | 0            | 121          | 10           | 44           | 3            | 3           
57           | 0            | 84           | 5            | 0            | 126          | 0            | 0            | 0            | 2           
58           | 0            | 39           | 3            | 0            | 129          | 0            | 0            | 0            | 1           
59           | 0            | 4            | 2            | 0            | 121          | 0            | 0            | 0            | 0           
60           | 0            | 73           | 4            | 0            | 125          | 0            | 0            | 0            | 0           
61           | 0            | 38           | 3            | 0            | 128          | 0            | 0            | 0            | 0           
62           | 0            | 57           | 4            | 0            | 132          | 0            | 0            | 0            | 0           
63           | 0            | 42           | 3            | 0            | 135          | 10           | 17           | 2            | 2           
64           | 0            | 35           | 3            | 0            | 138          | 0            | 0            | 0            | 1           
65           | 0            | 71           | 4            | 0            | 132          | 0            | 0            | 0            | 0           
66           | 0            | 46           | 3            | 0            | 135          | 0            | 0            | 0            | 0           
67           | 0            | 62           | 4            | 0            | 139          | 0            | 0            | 0            | 0           
68           | 0            | 72           | 4            | 0            | 143          | 0            | 0            | 0            | 0           
69           | 0            | 36           | 3            | 0            | 146          | 0            | 0            | 0            | 0           
70           | 0            | 35           | 3            | 0            | 149          | 10           | 8            | 2            | 2           
71           | 0            | 82           | 5            | 0            | 154          | 0            | 0            | 0            | 1           
72           | 0            | 50           | 3            | 0            | 147          | 0            | 0            | 0            | 0           
73           | 0            | 64           | 4            | 0            | 151          | 0            | 0            | 0            | 0           
74           | 0            | 67           | 4            | 0            | 155          | 0            | 0            | 0            | 0           
75           | 0            | 66           | 4            | 0            | 159          | 0            | 0            | 0            | 0           
76           | 0            | 57           | 4            | 0            | 163          | 0            | 0            | 0            | 0           
77           | 0            | 98           | 5            | 0            | 168          | 10           | 76           | 5            | 5           
78           | 0            | 69           | 4            | 0            | 172          | 0            | 0            | 0            | 4           
79           | 0            | 19           | 2            | 0            | 174          | 0            | 0            | 0            | 3           
80           | 0            | 66           | 4            | 0            | 178          | 0            | 0            | 0            | 2           
81           | 0            | 21           | 2            | 0            | 180          | 0            | 0            | 0            | 1           
82           | 0            | 11           | 2            | 0            | 172          | 0            | 0            | 0            | 0           
83           | 0            | 85           | 5            | 0            | 177          | 0            | 0            | 0            | 0           
84           | 0            | 19           | 2            | 0            | 179          | 10           | 86           | 5            | 5           
85           | 0            | 80           | 5            | 0            | 184          | 0            | 0            | 0            | 4           
86           | 0            | 76           | 5            | 0            | 189          | 0            | 0            | 0            | 3           
87           | 0            | 57           | 4            | 0            | 193          | 0            | 0            | 0            | 2           
88           | 0            | 9            | 2            | 0            | 195          | 0            | 0            | 0            | 1           
89           | 0            | 96           | 5            | 0            | 190          | 0            | 0            | 0            | 0           
90           | 0            | 42           | 3            | 0            | 193          | 0            | 0            | 0            | 0           
91           | 0            | 16           | 2            | 0            | 195          | 10           | 44           | 3            | 3           
92           | 0            | 29           | 3            | 0            | 198          | 0            | 0            | 0            | 2           
93           | 0            | 90           | 5            | 0            | 203          | 0            | 0            | 0            | 1           
94           | 0            | 30           | 3            | 0            | 196          | 0            | 0            | 0            | 0           
95           | 0            | 32           | 3            | 0            | 199          | 0            | 0            | 0            | 0           
96           | 0            | 30           | 3            | 0            | 202          | 0            | 0            | 0            | 0           
97           | 0            | 94           | 5            | 0            | 207          | 0            | 0            | 0            | 0           
98           | 0            | 51           | 4            | 0            | 211          | 10           | 7            | 2            | 2           
99           | 0            | 70           | 4            | 0            | 215          | 0            | 0            | 0            | 1           
100          | 0            | 77           | 5            | 0            | 210          | 0            | 0            | 0            | 0           
101          | 0            | 38           | 3            | 0            | 213          | 0            | 0            | 0            | 0           
102          | 0            | 4            | 2            | 0            | 215          | 0            | 0            | 0            | 0           
103          | 0            | 46           | 3            | 0            | 218          | 0            | 0            | 0            | 0           
104          | 0            | 84           | 5            | 0            | 223          | 0            | 0            | 0            | 0           
105          | 0            | 21           | 2            | 0            | 225          | 10           | 54           | 4            | 4           
106          | 0            | 35           | 3            | 0            | 228          | 0            | 0            | 0            | 3           
107          | 0            | 90           | 5            | 0            | 233          | 0            | 0            | 0            | 2           
108          | 0            | 52           | 4            | 0            | 237          | 0            | 0            | 0            | 1           
109          | 0            | 76           | 5            | 0            | 232          | 0            | 0            | 0            | 0           
110          | 0            | 79           | 5            | 0            | 237          | 0            | 0            | 0            | 0           
111          | 0            | 21           | 2            | 0            | 239          | 0            | 0            | 0            | 0           
112          | 0            | 81           | 5            | 0            | 244          | 10           | 94           | 5            | 5           
113          | 0            | 75           | 4            | 0            | 248          | 0            | 0            | 0            | 4           
114          | 0            | 71           | 4            | 0            | 252          | 0            | 0            | 0            | 3           
115          | 0            | 9            | 2            | 0            | 254          | 0            | 0            | 0            | 2           
116          | 0            | 62           | 4            | 0            | 258          | 0            | 0            | 0            | 1           
117          | 0            | 78           | 5            | 0            | 253          | 0            | 0            | 0            | 0           
118          | 0            | 96           | 5            | 0            | 258          | 0            | 0            | 0            | 0           
119          | 0            | 90           | 5            | 0            | 263          | 10           | 80           | 5            | 5           
120          | 0            | 74           | 4            | 0            | 267          | 0            | 0            | 0            | 4           
121          | 0            | 29           | 3            | 0            | 270          | 0            | 0            | 0            | 3           
122          | 0            | 16           | 2            | 0            | 272          | 0            | 0            | 0            | 2           
123          | 0            | 48           | 3            | 0            | 275          | 0            | 0            | 0            | 1           
124          | 0            | 33           | 3            | 0            | 268          | 0            | 0            | 0            | 0           
125          | 0            | 85           | 5            | 0            | 273          | 0            | 0            | 0            | 0           
126          | 0            | 75           | 4            | 0            | 277          | 10           | 32           | 3            | 3           
127          | 0            | 72           | 4            | 0            | 281          | 0            | 0            | 0            | 2           
128          | 0            | 74           | 4            | 0            | 285          | 0            | 0            | 0            | 1           
129          | 0            | 74           | 4            | 0            | 279          | 0            | 0            | 0            | 0           
130          | 0            | 73           | 4            | 0            | 283          | 0            | 0            | 0            | 0           
131          | 0            | 69           | 4            | 0            | 287          | 0            | 0            | 0            | 0           
132          | 0            | 15           | 2            | 0            | 289          | 0            | 0            | 0            | 0           
133          | 0            | 33           | 3            | 0            | 292          | 10           | 4            | 2            | 2           
134          | 0            | 99           | 5            | 0            | 297          | 0            | 0            | 0            | 1           
135          | 0            | 4            | 2            | 0            | 289          | 0            | 0            | 0            | 0           
136          | 0            | 67           | 4            | 0            | 293          | 0            | 0            | 0            | 0           
137          | 0            | 16           | 2            | 0            | 295          | 0            | 0            | 0            | 0           
138          | 0            | 55           | 4            | 0            | 299          | 0            | 0            | 0            | 0           
139          | 0            | 5            | 2            | 0            | 301          | 0            | 0            | 0            | 0           
140          | 0            | 24           | 2            | 0            | 303          | 10           | 52           | 4            | 4           
141          | 0            | 78           | 5            | 0            | 308          | 0            | 0            | 0            | 3           
142          | 0            | 68           | 4            | 0            | 312          | 0            | 0            | 0            | 2           
143          | 0            | 47           | 3            | 0            | 315          | 0            | 0            | 0            | 1           
144          | 0            | 2            | 2            | 0            | 307          | 0            | 0            | 0            | 0           
145          | 0            | 10           | 2            | 0            | 309          | 0            | 0            | 0            | 0           
146          | 0            | 15           | 2            | 0            | 311          | 0            | 0            | 0            | 0           
147          | 0            | 67           | 4            | 0            | 315          | 10           | 50           | 3            | 3           
148          | 0            | 29           | 3            | 0            | 318          | 0            | 0            | 0            | 2           
149          | 0            | 7            | 2            | 0            | 320          | 0            | 0            | 0            | 1           
150          | 0            | 23           | 2            | 0            | 312          | 0            | 0            | 0            | 0           
151          | 0            | 91           | 5            | 0            | 317          | 0            | 0            | 0            | 0           
152          | 0            | 20           | 2            | 0            | 319          | 0            | 0            | 0            | 0           
153          | 0            | 77           | 5            | 0            | 324          | 0            | 0            | 0            | 0           
154          | 0            | 27           | 3            | 0            | 327          | 10           | 32           | 3            | 3           
155          | 0            | 66           | 4            | 0            | 331          | 0            | 0            | 0            | 2           
156          | 0            | 1            | 2            | 0            | 333          | 0            | 0            | 0            | 1           
157          | 0            | 6            | 2            | 0            | 325          | 0            | 0            | 0            | 0           
158          | 0            | 77           | 5            | 0            | 330          | 0            | 0            | 0            | 0           
159          | 0            | 80           | 5            | 0            | 335          | 0            | 0            | 0            | 0           
160          | 0            | 41           | 3            | 0            | 338          | 0            | 0            | 0            | 0           
161          | 0            | 9            | 2            | 0            | 340          | 10           | 38           | 3            | 3           
162          | 0            | 86           | 5            | 0            | 345          | 0            | 0            | 0            | 2           
163          | 0            | 20           | 2            | 0            | 347          | 0            | 0            | 0            | 1           
164          | 0            | 99           | 5            | 0            | 342          | 0            | 0            | 0            | 0           
165          | 0            | 70           | 4            | 0            | 346          | 0            | 0            | 0            | 0           
166          | 0            | 91           | 5            | 0            | 351          | 0            | 0            | 0            | 0           
167          | 0            | 4            | 2            | 0            | 353          | 0            | 0            | 0            | 0           
168          | 0            | 40           | 3            | 0            | 356          | 10           | 49           | 3            | 3           
169          | 0            | 24           | 2            | 0            | 358          | 0            | 0            | 0            | 2           
170          | 0            | 65           | 4            | 0            | 362          | 0            | 0            | 0            | 1           
171          | 0            | 89           | 5            | 0            | 357          | 0            | 0            | 0            | 0           
172          | 0            | 29           | 3            | 0            | 360          | 0            | 0            | 0            | 0           
173          | 0            | 29           | 3            | 0            | 363          | 0            | 0            | 0            | 0           
174          | 0            | 14           | 2            | 0            | 365          | 0            | 0            | 0            | 0           
175          | 0            | 73           | 4            | 0            | 369          | 10           | 33           | 3            | 3           
176          | 0            | 61           | 4            | 0            | 373          | 0            | 0            | 0            | 2           
177          | 0            | 63           | 4            | 0            | 377          | 0            | 0            | 0            | 1           
178          | 0            | 87           | 5            | 0            | 372          | 0            | 0            | 0            | 0           
179          | 0            | 24           | 2            | 0            | 374          | 0            | 0            | 0            | 0           
180          | 0            | 12           | 2            | 0            | 376          | 0            | 0            | 0            | 0           
181          | 0            | 85           | 5            | 0            | 381          | 0            | 0            | 0            | 0           
182          | 0            | 16           | 2            | 0            | 383          | 10           | 30           | 3            | 3           
183          | 0            | 27           | 3            | 0            | 386          | 0            | 0            | 0            | 2           
184          | 0            | 35           | 3            | 0            | 389          | 0            | 0            | 0            | 1           
185          | 0            | 9            | 2            | 0            | 381          | 0            | 0            | 0            | 0           
186          | 0            | 8            | 2            | 0            | 383          | 0            | 0            | 0            | 0           
187          | 0            | 55           | 4            | 0            | 387          | 0            | 0            | 0            | 0           
188          | 0            | 66           | 4            | 0            | 391          | 0            | 0            | 0            | 0           
189          | 0            | 90           | 5            | 0            | 396          | 10           | 2            | 2            | 2           
190          | 0            | 72           | 4            | 0            | 400          | 0            | 0            | 0            | 1           
191          | 0            | 73           | 4            | 0            | 394          | 0            | 0            | 0            | 0           
192          | 0            | 68           | 4            | 0            | 398          | 0            | 0            | 0            | 0           
193          | 0            | 78           | 5            | 0            | 403          | 0            | 0            | 0            | 0           
194          | 0            | 96           | 5            | 0            | 408          | 0            | 0            | 0            | 0           
195          | 0            | 84           | 5            | 0            | 413          | 0            | 0            | 0            | 0           
196          | 0            | 70           | 4            | 0            | 417          | 10           | 66           | 4            | 4           
197          | 0            | 64           | 4            | 0            | 421          | 0            | 0            | 0            | 3           
198          | 0            | 51           | 4            | 0            | 425          | 0            | 0            | 0            | 2           
199          | 0            | 69           | 4            | 0            | 429          | 0            | 0            | 0            | 1           
200          | 0            | 99           | 5            | 0            | 424          | 0            | 0            | 0            | 0           
201          | 0            | 16           | 2            | 0            | 426          | 0            | 0            | 0            | 0           
202          | 0            | 90           | 5            | 0            | 431          | 0            | 0            | 0            | 0           
203          | 0            | 82           | 5            | 0            | 436          | 10           | 27           | 3            | 3           
204          | 0            | 52           | 4            | 0            | 440          | 0            | 0            | 0            | 2           
205          | 0            | 50           | 3            | 0            | 443          | 0            | 0            | 0            | 1           
206          | 0            | 18           | 2            | 0            | 435          | 0            | 0            | 0            | 0           
207          | 0            | 54           | 4            | 0            | 439          | 0            | 0            | 0            | 0           
208          | 0            | 63           | 4            | 0            | 443          | 0            | 0            | 0            | 0           
209          | 0            | 4            | 2            | 0            | 445          | 0            | 0            | 0            | 0           
210          | 0            | 85           | 5            | 0            | 450          | 10           | 92           | 5            | 5           
211          | 0            | 69           | 4            | 0            | 454          | 0            | 0            | 0            | 4           
212          | 0            | 22           | 2            | 0            | 456          | 0            | 0            | 0            | 3           
213          | 0            | 27           | 3            | 0            | 459          | 0            | 0            | 0            | 2           
214          | 0            | 41           | 3            | 0            | 462          | 0            | 0            | 0            | 1           
215          | 0            | 28           | 3            | 0            | 455          | 0            | 0            | 0            | 0           
216          | 0            | 42           | 3            | 0            | 458          | 0            | 0            | 0            | 0           
217          | 0            | 59           | 4            | 0            | 462          | 10           | 16           | 2            | 2           
218          | 0            | 47           | 3            | 0            | 465          | 0            | 0            | 0            | 1           
219          | 0            | 15           | 2            | 0            | 457          | 0            | 0            | 0            | 0           
220          | 0            | 57           | 4            | 0            | 461          | 0            | 0            | 0            | 0           
221          | 0            | 10           | 2            | 0            | 463          | 0            | 0            | 0            | 0           
222          | 0            | 23           | 2            | 0            | 465          | 0            | 0            | 0            | 0           
223          | 0            | 14           | 2            | 0            | 467          | 0            | 0            | 0            | 0           
224          | 0            | 90           | 5            | 0            | 472          | 10           | 74           | 4            | 4           
225          | 0            | 46           | 3            | 0            | 475          | 0            | 0            | 0            | 3           
226          | 0            | 51           | 4            | 0            | 479          | 0            | 0            | 0            | 2           
227          | 0            | 10           | 2            | 0            | 481          | 0            | 0            | 0            | 1           
228          | 0            | 51           | 4            | 0            | 475          | 0            | 0            | 0            | 0           
229          | 0            | 17           | 2            | 0            | 477          | 0            | 0            | 0            | 0           
230          | 0            | 15           | 2            | 0            | 479          | 0            | 0            | 0            | 0           
231          | 0            | 98           | 5            | 0            | 484          | 10           | 92           | 5            | 5           
232          | 0            | 99           | 5            | 0            | 489          | 0            | 0            | 0            | 4           
233          | 0            | 23           | 2            | 0            | 491          | 0            | 0            | 0            | 3           
234          | 0            | 9            | 2            | 0            | 493          | 0            | 0            | 0            | 2           
235          | 0            | 17           | 2            | 0            | 495          | 0            | 0            | 0            | 1           
236          | 0            | 28           | 3            | 0            | 488          | 0            | 0            | 0            | 0           
237          | 0            | 2            | 2            | 0            | 490          | 0            | 0            | 0            | 0           
238          | 0            | 35           | 3            | 0            | 493          | 10           | 21           | 2            | 2           
239          | 0            | 30           | 3            | 0            | 496          | 0            | 0            | 0            | 1           
240          | 0            | 61           | 4            | 0            | 490          | 0            | 0            | 0            | 0           
241          | 0            | 20           | 2            | 0            | 492          | 0            | 0            | 0            | 0           
242          | 0            | 63           | 4            | 0            | 496          | 0            | 0            | 0            | 0           
243          | 0            | 10           | 2            | 0            | 498          | 0            | 0            | 0            | 0           
244          | 0            | 33           | 3            | 0            | 501          | 0            | 0            | 0            | 0           
245          | 0            | 2            | 2            | 0            | 503          | 10           | 12           | 2            | 2           
246          | 0            | 76           | 5            | 0            | 508          | 0            | 0            | 0            | 1           
247          | 0            | 48           | 3            | 0            | 501          | 0            | 0            | 0            | 0           
248          | 0            | 96           | 5            | 0            | 506          | 0            | 0            | 0            | 0           
249          | 0            | 31           | 3            | 0            | 509          | 0            | 0            | 0            | 0           
250          | 0            | 49           | 3            | 0            | 512          | 0            | 0            | 0            | 0           
251          | 0            | 51           | 4            | 0            | 516          | 0            | 0            | 0            | 0           
252          | 0            | 68           | 4            | 0            | 520          | 10           | 65           | 4            | 4           
253          | 0            | 26           | 3            | 0            | 523          | 0            | 0            | 0            | 3           
254          | 0            | 66           | 4            | 0            | 527          | 0            | 0            | 0            | 2           
255          | 0            | 8            | 2            | 0            | 529          | 0            | 0            | 0            | 1           
256          | 0            | 75           | 4            | 0            | 523          | 0            | 0            | 0            | 0           
257          | 0            | 76           | 5            | 0            | 528          | 0            | 0            | 0            | 0           
258          | 0            | 77           | 5            | 0            | 533          | 0            | 0            | 0            | 0           
259          | 0            | 36           | 3            | 0            | 536          | 10           | 8            | 2            | 2           
260          | 0            | 70           | 4            | 0            | 540          | 0            | 0            | 0            | 1           
261          | 0            | 33           | 3            | 0            | 533          | 0            | 0            | 0            | 0           
262          | 0            | 28           | 3            | 0            | 536          | 0            | 0            | 0            | 0           
263          | 0            | 50           | 3            | 0            | 539          | 0            | 0            | 0            | 0           
264          | 0            | 88           | 5            | 0            | 544          | 0            | 0            | 0            | 0           
265          | 0            | 48           | 3            | 0            | 547          | 0            | 0            | 0            | 0           
266          | 0            | 11           | 2            | 0            | 549          | 10           | 30           | 3            | 3           
267          | 0            | 14           | 2            | 0            | 551          | 0            | 0            | 0            | 2           
268          | 0            | 11           | 2            | 0            | 553          | 0            | 0            | 0            | 1           
269          | 0            | 71           | 4            | 0            | 547          | 0            | 0            | 0            | 0           
270          | 0            | 56           | 4            | 0            | 551          | 0            | 0            | 0            | 0           
271          | 0            | 93           | 5            | 0            | 556          | 0            | 0            | 0            | 0           
272          | 0            | 7            | 2            | 0            | 558          | 0            | 0            | 0            | 0           
273          | 0            | 26           | 3            | 0            | 561          | 10           | 78           | 5            | 5           
274          | 0            | 59           | 4            | 0            | 565          | 0            | 0            | 0            | 4           
275          | 0            | 87           | 5            | 0            | 570          | 0            | 0            | 0            | 3           
276          | 0            | 89           | 5            | 0            | 575          | 0            | 0            | 0            | 2           
277          | 0            | 91           | 5            | 0            | 580          | 0            | 0            | 0            | 1           
278          | 0            | 57           | 4            | 0            | 574          | 0            | 0            | 0            | 0           
279          | 0            | 44           | 3            | 0            | 577          | 0            | 0            | 0            | 0           
280          | 0            | 19           | 2            | 0            | 579          | 10           | 74           | 4            | 4           
281          | 0            | 44           | 3            | 0            | 582          | 0            | 0            | 0            | 3           
282          | 0            | 39           | 3            | 0            | 585          | 0            | 0            | 0            | 2           
283          | 0            | 45           | 3            | 0            | 588          | 0            | 0            | 0            | 1           
284          | 0            | 21           | 2            | 0            | 580          | 0            | 0            | 0            | 0           
285          | 0            | 31           | 3            | 0            | 583          | 0            | 0            | 0            | 0           
286          | 0            | 29           | 3            | 0            | 586          | 0            | 0            | 0            | 0           
287          | 0            | 100          | 5            | 0            | 591          | 10           | 59           | 4            | 4           
288          | 0            | 29           | 3            | 0            | 594          | 0            | 0            | 0            | 3           
289          | 0            | 5            | 2            | 0            | 596          | 0            | 0            | 0            | 2           
290          | 0            | 20           | 2            | 0            | 598          | 0            | 0            | 0            | 1           
291          | 0            | 91           | 5            | 0            | 593          | 0            | 0            | 0            | 0           
292          | 0            | 85           | 5            | 0            | 598          | 0            | 0            | 0            | 0           
293          | 0            | 90           | 5            | 0            | 603          | 0            | 0            | 0            | 0           
294          | 0            | 64           | 4            | 0            | 607          | 10           | 43           | 3            | 3           
295          | 0            | 19           | 2            | 0            | 609          | 0            | 0            | 0            | 2           
296          | 0            | 48           | 3            | 0            | 612          | 0            | 0            | 0            | 1           
297          | 0            | 75           | 4            | 0            | 606          | 0            | 0            | 0            | 0           
298          | 0            | 15           | 2            | 0            | 608          | 0            | 0            | 0            | 0           
299          | 0            | 13           | 2            | 0            | 610          | 0            | 0            | 0            | 0           
300          | 0            | 88           | 5            | 0            | 615          | 0            | 0            | 0            | 0           
301          | 0            | 19           | 2            | 0            | 617          | 10           | 27           | 3            | 3           
302          | 0            | 47           | 3            | 0            | 620          | 0            | 0            | 0            | 2           
303          | 0            | 5            | 2            | 0            | 622          | 0            | 0            | 0            | 1           
304          | 0            | 9            | 2            | 0            | 614          | 0            | 0            | 0            | 0           
305          | 0            | 42           | 3            | 0            | 617          | 0            | 0            | 0            | 0           
306          | 0            | 43           | 3            | 0            | 620          | 0            | 0            | 0            | 0           
307          | 0            | 63           | 4            | 0            | 624          | 0            | 0            | 0            | 0           
308          | 0            | 54           | 4            | 0            | 628          | 10           | 4            | 2            | 2           
309          | 0            | 37           | 3            | 0            | 631          | 0            | 0            | 0            | 1           
310          | 0            | 71           | 4            | 0            | 625          | 0            | 0            | 0            | 0           
311          | 0            | 77           | 5            | 0            | 630          | 0            | 0            | 0            | 0           
312          | 0            | 58           | 4            | 0            | 634          | 0            | 0            | 0            | 0           
313          | 0            | 27           | 3            | 0            | 637          | 0            | 0            | 0            | 0           
314          | 0            | 59           | 4            | 0            | 641          | 0            | 0            | 0            | 0           
315          | 0            | 53           | 4            | 0            | 645          | 10           | 37           | 3            | 3           
316          | 0            | 46           | 3            | 0            | 648          | 0            | 0            | 0            | 2           
317          | 0            | 25           | 2            | 0            | 650          | 0            | 0            | 0            | 1           
318          | 0            | 64           | 4            | 0            | 644          | 0            | 0            | 0            | 0           
319          | 0            | 68           | 4            | 0            | 648          | 0            | 0            | 0            | 0           
320          | 0            | 32           | 3            | 0            | 651          | 0            | 0            | 0            | 0           
321          | 0            | 41           | 3            | 0            | 654          | 0            | 0            | 0            | 0           
322          | 0            | 7            | 2            | 0            | 656          | 10           | 11           | 2            | 2           
323          | 0            | 100          | 5            | 0            | 661          | 0            | 0            | 0            | 1           
324          | 0            | 13           | 2            | 0            | 653          | 0            | 0            | 0            | 0           
325          | 0            | 45           | 3            | 0            | 656          | 0            | 0            | 0            | 0           
326          | 0            | 94           | 5            | 0            | 661          | 0            | 0            | 0            | 0           
327          | 0            | 76           | 5            | 0            | 666          | 0            | 0            | 0            | 0           
328          | 0            | 95           | 5            | 0            | 671          | 0            | 0            | 0            | 0           
329          | 0            | 99           | 5            | 0            | 676          | 10           | 5            | 2            | 2           
330          | 0            | 64           | 4            | 0            | 680          | 0            | 0            | 0            | 1           
331          | 0            | 64           | 4            | 0            | 674          | 0            | 0            | 0            | 0           
332          | 0            | 81           | 5            | 0            | 679          | 0            | 0            | 0            | 0           
333          | 0            | 58           | 4            | 0            | 683          | 0            | 0            | 0            | 0           
334          | 0            | 15           | 2            | 0            | 685          | 0            | 0            | 0            | 0           
335          | 0            | 57           | 4            | 0            | 689          | 0            | 0            | 0            | 0           
336          | 0            | 77           | 5            | 0            | 694          | 10           | 65           | 4            | 4           
337          | 0            | 63           | 4            | 0            | 698          | 0            | 0            | 0            | 3           
338          | 0            | 14           | 2            | 0            | 700          | 0            | 0            | 0            | 2           
339          | 0            | 82           | 5            | 0            | 705          | 0            | 0            | 0            | 1           
340          | 0            | 71           | 4            | 0            | 699          | 0            | 0            | 0            | 0           
341          | 0            | 55           | 4            | 0            | 703          | 0            | 0            | 0            | 0           
342          | 0            | 22           | 2            | 0            | 705          | 0            | 0            | 0            | 0           
343          | 0            | 17           | 2            | 0            | 707          | 10           | 99           | 5            | 5           
344          | 0            | 36           | 3            | 0            | 710          | 0            | 0            | 0            | 4           
345          | 0            | 64           | 4            | 0            | 714          | 0            | 0            | 0            | 3           
346          | 0            | 1            | 2            | 0            | 716          | 0            | 0            | 0            | 2           
347          | 0            | 14           | 2            | 0            | 718          | 0            | 0            | 0            | 1           
348          | 0            | 43           | 3            | 0            | 711          | 0            | 0            | 0            | 0           
349          | 0            | 55           | 4            | 0            | 715          | 0            | 0            | 0            | 0           
350          | 0            | 60           | 4            | 0            | 719          | 10           | 48           | 3            | 3           
351          | 0            | 34           | 3            | 0            | 722          | 0            | 0            | 0            | 2           
352          | 0            | 31           | 3            | 0            | 725          | 0            | 0            | 0            | 1           
353          | 0            | 40           | 3            | 0            | 718          | 0            | 0            | 0            | 0           
354          | 0            | 1            | 2            | 0            | 720          | 0            | 0            | 0            | 0           
355          | 0            | 81           | 5            | 0            | 725          | 0            | 0            | 0            | 0           
356          | 0            | 17           | 2            | 0            | 727          | 0            | 0            | 0            | 0           
357          | 0            | 13           | 2            | 0            | 729          | 10           | 42           | 3            | 3           
358          | 0            | 57           | 4            | 0            | 733          | 0            | 0            | 0            | 2           
359          | 0            | 89           | 5            | 0            | 738          | 0            | 0            | 0            | 1           
360          | 0            | 22           | 2            | 0            | 730          | 0            | 0            | 0            | 0           
361          | 0            | 57           | 4            | 0            | 734          | 0            | 0            | 0            | 0           
362          | 0            | 7            | 2            | 0            | 736          | 0            | 0            | 0            | 0           
363          | 0            | 64           | 4            | 0            | 740          | 0            | 0            | 0            | 0           
364          | 0            | 85           | 5            | 0            | 745          | 10           | 46           | 3            | 3           
365          | 0            | 99           | 5            | 0            | 750          | 0            | 0            | 0            | 2           
